
%%各パラメータ
l1 = 60;
l2 = 80;
l3 = 80;
l4 = 100;
l5 = 100;
l6 = 60;

x1 = 0.0;
y1 = 0.0;
x2 = l1;
y2 = 0.0;

all_x5 = [];
all_y5 = [];